SplineFontDB: 3.0
FontName: Retro8
FullName: Retro8 Regular
FamilyName: Retro8
Weight: Book
Copyright: 2012-2017 @chlorate_
Version: 1.1.0
ItalicAngle: 0
UnderlinePosition: -25
UnderlineWidth: 51
Ascent: 819
Descent: 205
InvalidEm: 0
sfntRevision: 0x00010000
LayerCount: 2
Layer: 0 1 "Back" 1
Layer: 1 1 "Fore" 0
XUID: [1021 779 1758970901 30137]
StyleMap: 0x0040
FSType: 516
OS2Version: 2
OS2_WeightWidthSlopeOnly: 0
OS2_UseTypoMetrics: 0
CreationTime: 1471818075
ModificationTime: 1495309579
PfmFamily: 33
TTFWeight: 400
TTFWidth: 5
LineGap: 0
VLineGap: 0
Panose: 2 0 5 3 0 0 0 0 0 0
OS2TypoAscent: 1024
OS2TypoAOffset: 0
OS2TypoDescent: -256
OS2TypoDOffset: 0
OS2TypoLinegap: 0
OS2WinAscent: 1024
OS2WinAOffset: 0
OS2WinDescent: 256
OS2WinDOffset: 0
HheadAscent: 1024
HheadAOffset: 0
HheadDescent: -256
HheadDOffset: 0
OS2SubXSize: 512
OS2SubYSize: 512
OS2SubXOff: 0
OS2SubYOff: -64
OS2SupXSize: 512
OS2SupYSize: 512
OS2SupXOff: 0
OS2SupYOff: 512
OS2StrikeYSize: 51
OS2StrikeYPos: 204
OS2CapHeight: 768
OS2XHeight: 640
OS2Vendor: '    '
OS2CodePages: 00000001.00000000
OS2UnicodeRanges: a0000007.4000000a.00000000.00000000
MarkAttachClasses: 1
DEI: 91125
ShortTable: maxp 16
  1
  0
  216
  70
  14
  0
  0
  2
  0
  0
  0
  0
  0
  0
  0
  0
EndShort
LangName: 1033 "" "" "Regular" "FontForge : Retro8 Regular : 1-10-2016"
GaspTable: 1 65535 2 0
DesignSize: 60
Encoding: UnicodeBmp
Compacted: 1
UnicodeInterp: none
NameList: AGL For New Fonts
DisplaySize: -48
AntiAlias: 1
FitToEm: 0
WinInfo: 0 21 14
BeginPrivate: 0
EndPrivate
TeXData: 1 6291456 0 524288 262144 174762 655360 1048576 174762 783286 444596 497025 792723 393216 433062 380633 303038 157286 324010 404750 52429 2506097 1059062 262144
EndSplineFont
